2.000000 2.718280
2.100000 2.854194
2.200000 2.996739
2.300000 3.146239
2.400000 3.303032
2.500000 3.467474
2.600000 3.639936
2.700000 3.820808
2.800000 4.010498
2.900000 4.209435
3.000000 4.418068
3.100000 4.636866
3.200000 4.866322
3.300000 5.106952
3.400000 5.359297
3.500000 5.623926
3.600000 5.901431
3.700000 6.192437
3.800000 6.497595
3.900000 6.817590
4.000000 7.153138
4.100000 7.504992
4.200000 7.873939
4.300000 8.260805
4.400000 8.666453
4.500000 9.091790
4.600000 9.537767
4.700000 10.005379
4.800000 10.495669
4.900000 11.009730
5.000000 11.548707
5.100000 12.113803
5.200000 12.706273
5.300000 13.327438
5.400000 13.978678
5.500000 14.661442
5.600000 15.377246
5.700000 16.127680
5.800000 16.914410
5.900000 17.739181
6.000000 18.603824
6.100000 19.510254
6.200000 20.460480
6.300000 21.456607
6.400000 22.500840
6.500000 23.595489
6.600000 24.742976
6.700000 25.945837
6.800000 27.206732
6.900000 28.528445
7.000000 29.913894
7.100000 31.366138
7.200000 32.888381
7.300000 34.483978
7.400000 36.156449
7.500000 37.909477
7.600000 39.746925
7.700000 41.672837
7.800000 43.691453
7.900000 45.807213
8.000000 48.024770
8.100000 50.348999
8.200000 52.785007
8.300000 55.338146
8.400000 58.014020
8.500000 60.818504
8.600000 63.757751
8.700000 66.838207
8.800000 70.066627
8.900000 73.450086
9.000000 76.995997
9.100000 80.712126
9.200000 84.606609
9.300000 88.687970
9.400000 92.965137
9.500000 97.447465
9.600000 102.144755
9.700000 107.067271
9.800000 112.225769
9.900000 117.631516
10.000000 123.296313
10.100000 129.232526
10.200000 135.453106
10.300000 141.971621
10.400000 148.802286
10.500000 155.959988
10.600000 163.460326
10.700000 171.319638
10.800000 179.555038
10.900000 188.184456
11.000000 197.226672
11.100000 206.701359
11.200000 216.629123
11.300000 227.031550
11.400000 237.931252
11.500000 249.351914
11.600000 261.318346
11.700000 273.856534
11.800000 286.993699
11.900000 300.758356
12.000000 315.180369
