3.000000 1.000000
3.100000 1.533333
3.200000 2.034409
3.300000 2.507258
3.400000 2.955303
3.500000 3.381462
3.600000 3.788235
3.700000 4.177778
3.800000 4.551952
3.900000 4.912376
4.000000 5.260459
4.100000 5.597436
4.200000 5.924390
4.300000 6.242276
4.400000 6.551938
4.500000 6.854123
4.600000 7.149495
4.700000 7.438647
4.800000 7.722109
4.900000 8.000355
5.000000 8.273810
5.100000 8.542857
5.200000 8.807843
5.300000 9.069080
5.400000 9.326851
5.500000 9.581412
5.600000 9.832997
5.700000 10.081818
5.800000 10.328070
5.900000 10.571930
6.000000 10.813559
6.100000 11.053107
6.200000 11.290710
6.300000 11.526494
6.400000 11.760573
6.500000 11.993056
6.600000 12.224038
6.700000 12.453613
6.800000 12.681863
6.900000 12.908867
7.000000 13.134697
7.100000 13.359420
7.200000 13.583099
7.300000 13.805790
7.400000 14.027549
7.500000 14.248427
7.600000 14.468468
7.700000 14.687719
7.800000 14.906220
7.900000 15.124009
8.000000 15.341123
8.100000 15.557595
8.200000 15.773457
8.300000 15.988738
8.400000 16.203468
8.500000 16.417671
8.600000 16.631373
8.700000 16.844596
8.800000 17.057364
8.900000 17.269697
9.000000 17.481614
9.100000 17.693134
9.200000 17.904274
9.300000 18.115050
9.400000 18.325479
9.500000 18.535575
9.600000 18.745353
9.700000 18.954825
9.800000 19.164003
9.900000 19.372901
10.000000 19.581530
10.100000 19.789899
10.200000 19.998020
10.300000 20.205902
10.400000 20.413554
10.500000 20.620986
10.600000 20.828205
10.700000 21.035220
10.800000 21.242038
10.900000 21.448667
11.000000 21.655114
11.100000 21.861384
11.200000 22.067486
11.300000 22.273423
11.400000 22.479204
11.500000 22.684832
11.600000 22.890313
11.700000 23.095652
11.800000 23.300855
11.900000 23.505925
12.000000 23.710867
12.100000 23.915686
12.200000 24.120386
12.300000 24.324970
12.400000 24.529442
12.500000 24.733805
12.600000 24.938065
12.700000 25.142222
12.800000 25.346282
12.900000 25.550246
13.000000 25.754118
