0.000000 2.000000 1.000000
0.100000 2.099837 0.995162
0.200000 2.198731 0.981269
0.300000 2.295818 0.959182
0.400000 2.390320 0.929680
0.500000 2.481531 0.893469
0.600000 2.568812 0.851188
0.700000 2.651586 0.803414
0.800000 2.729329 0.750671
0.900000 2.801570 0.693430
1.000000 2.867880 0.632120
1.100000 2.927871 0.567129
1.200000 2.981195 0.498805
1.300000 3.027532 0.427468
1.400000 3.066597 0.353403
1.500000 3.098130 0.276870
1.600000 3.121897 0.198103
1.700000 3.137684 0.117316
1.800000 3.145299 0.034701
1.900000 3.144569 -0.049569
2.000000 3.135336 -0.135336
2.100000 3.117457 -0.222457
2.200000 3.090803 -0.310803
2.300000 3.055259 -0.400259
2.400000 3.010718 -0.490718
2.500000 2.957085 -0.582085
2.600000 2.894274 -0.674274
2.700000 2.822206 -0.767206
2.800000 2.740810 -0.860810
2.900000 2.650023 -0.955023
3.000000 2.549787 -1.049787
3.100000 2.440049 -1.145049
3.200000 2.320762 -1.240762
3.300000 2.191883 -1.336883
3.400000 2.053373 -1.433373
3.500000 1.905197 -1.530197
3.600000 1.747324 -1.627324
3.700000 1.579724 -1.724724
3.800000 1.402371 -1.822371
3.900000 1.215242 -1.920242
4.000000 1.018316 -2.018316
4.100000 0.811573 -2.116573
4.200000 0.594996 -2.214996
4.300000 0.368569 -2.313569
4.400000 0.132277 -2.412277
4.500000 -0.113891 -2.511109
4.600000 -0.369948 -2.610052
4.700000 -0.635905 -2.709095
4.800000 -0.911770 -2.808230
4.900000 -1.197553 -2.907447
5.000000 -1.493262 -3.006738
