0.000000 2.000000 1.000000
-0.100000 1.900171 0.994829
-0.200000 1.801403 0.978597
-0.300000 1.704858 0.950142
-0.400000 1.611824 0.908176
-0.500000 1.523721 0.851279
-0.600000 1.442118 0.777882
-0.700000 1.368752 0.686248
-0.800000 1.305540 0.574460
-0.900000 1.254601 0.440399
-1.000000 1.218280 0.281720
-1.100000 1.199163 0.095837
-1.200000 1.200114 -0.120114
-1.300000 1.224293 -0.369293
-1.400000 1.275196 -0.655196
-1.500000 1.356684 -0.981684
-1.600000 1.473026 -1.353026
-1.700000 1.628940 -1.773940
-1.800000 1.829639 -2.249639
-1.900000 2.080885 -2.785885
-2.000000 2.389045 -3.389045
-2.100000 2.761157 -4.066157
-2.200000 3.204998 -4.824998
-2.300000 3.729165 -5.674165
-2.400000 4.343156 -6.623156
-2.500000 5.057471 -7.682471
-2.600000 5.883711 -8.863711
-2.700000 6.834701 -10.179701
-2.800000 7.924611 -11.644611
-2.900000 9.169105 -13.274105
-3.000000 10.585491 -15.085491
-3.100000 12.192899 -17.097899
-3.200000 14.012470 -19.332470
-3.300000 16.067570 -21.812570
-3.400000 18.384022 -24.564022
-3.500000 20.990363 -27.615363
-3.600000 23.918133 -30.998133
-3.700000 27.202190 -34.747190
-3.800000 30.881054 -38.901054
-3.900000 34.997301 -43.502301
-4.000000 39.597983 -48.597983
-4.100000 44.735098 -54.240098
-4.200000 50.466116 -60.486116
-4.300000 56.854551 -67.399551
-4.400000 63.970594 -75.050594
-4.500000 71.891821 -83.516821
-4.600000 80.703965 -92.883965
-4.700000 90.501776 -103.246776
-4.800000 101.389970 -114.709970
-4.900000 113.484275 -127.389275
-5.000000 126.912590 -141.412590
