0.000000 1.000000 0.999998
0.020000 1.020403 1.040401
0.040000 1.041621 1.081619
0.060000 1.063673 1.123671
0.080000 1.086574 1.166572
0.100000 1.110342 1.210339
0.120000 1.134993 1.254991
0.140000 1.160547 1.300545
0.160000 1.187021 1.347019
0.180000 1.214434 1.394432
0.200000 1.242805 1.442803
0.220000 1.272153 1.492151
0.240000 1.302498 1.542496
0.260000 1.333860 1.593857
0.280000 1.366259 1.646257
0.300000 1.399717 1.699715
0.320000 1.434255 1.754253
0.340000 1.469894 1.809892
0.360000 1.506658 1.866656
0.380000 1.544568 1.924566
0.400000 1.583648 1.983646
0.420000 1.623922 2.043920
0.440000 1.665413 2.105411
0.460000 1.708147 2.168145
0.480000 1.752147 2.232145
0.500000 1.797441 2.297439
0.520000 1.844054 2.364052
0.540000 1.892012 2.432010
0.560000 1.941343 2.501341
0.580000 1.992075 2.572073
0.600000 2.044236 2.644234
0.620000 2.097854 2.717852
0.640000 2.152960 2.792958
0.660000 2.209583 2.869581
0.680000 2.267753 2.947751
0.700000 2.327503 3.027501
0.720000 2.388864 3.108862
0.740000 2.451869 3.191867
0.760000 2.516550 3.276548
0.780000 2.582942 3.362940
0.800000 2.651079 3.451077
0.820000 2.720997 3.540995
0.840000 2.792731 3.632729
0.860000 2.866318 3.726316
0.880000 2.941796 3.821794
0.900000 3.019203 3.919201
0.920000 3.098578 4.018575
0.940000 3.179960 4.119957
0.960000 3.263390 4.223387
0.980000 3.348909 4.328907
1.000000 3.436560 4.436558
