0.000000 1.000000 0.000000
0.020000 1.000201 0.020201
0.040000 1.000811 0.040811
0.060000 1.001837 0.061837
0.080000 1.003287 0.083287
0.100000 1.005171 0.105171
0.120000 1.007497 0.127497
0.140000 1.010274 0.150274
0.160000 1.013511 0.173511
0.180000 1.017217 0.197217
0.200000 1.021403 0.221403
0.220000 1.026077 0.246077
0.240000 1.031249 0.271249
0.260000 1.036930 0.296930
0.280000 1.043130 0.323130
0.300000 1.049859 0.349859
0.320000 1.057128 0.377128
0.340000 1.064948 0.404948
0.360000 1.073329 0.433329
0.380000 1.082285 0.462285
0.400000 1.091825 0.491825
0.420000 1.101962 0.521962
0.440000 1.112707 0.552707
0.460000 1.124074 0.584074
0.480000 1.136074 0.616074
0.500000 1.148721 0.648721
0.520000 1.162028 0.682028
0.540000 1.176007 0.716007
0.560000 1.190672 0.750672
0.580000 1.206038 0.786038
0.600000 1.222119 0.822119
0.620000 1.238928 0.858928
0.640000 1.256481 0.896481
0.660000 1.274792 0.934792
0.680000 1.293878 0.973878
0.700000 1.313753 1.013753
0.720000 1.334433 1.054433
0.740000 1.355936 1.095936
0.760000 1.378276 1.138276
0.780000 1.401472 1.181472
0.800000 1.425541 1.225541
0.820000 1.450500 1.270500
0.840000 1.476367 1.316367
0.860000 1.503161 1.363161
0.880000 1.530900 1.410900
0.900000 1.559603 1.459603
0.920000 1.589290 1.509290
0.940000 1.619981 1.559981
0.960000 1.651696 1.611696
0.980000 1.684456 1.664456
1.000000 1.718282 1.718282
