0.000000 1.000000 2.000000
0.020000 1.040604 2.060604
0.040000 1.082432 2.122432
0.060000 1.125510 2.185510
0.080000 1.169861 2.249861
0.100000 1.215513 2.315513
0.120000 1.262491 2.382491
0.140000 1.310821 2.450821
0.160000 1.360533 2.520533
0.180000 1.411652 2.591652
0.200000 1.464208 2.664208
0.220000 1.518230 2.738230
0.240000 1.573747 2.813747
0.260000 1.630790 2.890790
0.280000 1.689389 2.969389
0.300000 1.749576 3.049576
0.320000 1.811383 3.131383
0.340000 1.874843 3.214843
0.360000 1.939988 3.299988
0.380000 2.006854 3.386854
0.400000 2.075474 3.475474
0.420000 2.145885 3.565885
0.440000 2.218122 3.658122
0.460000 2.292222 3.752222
0.480000 2.368223 3.848223
0.500000 2.446164 3.946164
0.520000 2.526083 4.046083
0.540000 2.608021 4.148021
0.560000 2.692017 4.252017
0.580000 2.778115 4.358115
0.600000 2.866356 4.466356
0.620000 2.956784 4.576784
0.640000 3.049443 4.689443
0.660000 3.144377 4.804377
0.680000 3.241633 4.921633
0.700000 3.341258 5.041258
0.720000 3.443300 5.163300
0.740000 3.547807 5.287807
0.760000 3.654829 5.414829
0.780000 3.764417 5.544417
0.800000 3.876623 5.676623
0.820000 3.991500 5.811500
0.840000 4.109101 5.949101
0.860000 4.229482 6.089482
0.880000 4.352699 6.232699
0.900000 4.478809 6.378809
0.920000 4.607871 6.527871
0.940000 4.739944 6.679944
0.960000 4.875089 6.835089
0.980000 5.013369 6.993369
1.000000 5.154845 7.154845
