10 3.039959
20 3.109625
30 3.095793
40 3.166510
50 3.203283
60 3.150872
70 3.218592
80 3.080513
90 3.185636
100 3.136660
110 3.119641
120 3.114844
130 3.132907
140 3.159654
150 3.133708
160 3.105545
170 3.168693
180 3.133969
190 3.158086
200 3.206742
210 3.165429
220 3.164913
230 3.134078
240 3.094248
250 3.201663
260 3.125396
270 3.159369
280 3.150623
290 3.146004
300 3.189473
310 3.190671
320 3.122184
330 3.147319
340 3.176888
350 3.158309
360 3.178472
370 3.148717
380 3.185687
390 3.164089
400 3.127456
410 3.095813
420 3.155523
430 3.198277
440 3.119513
450 3.134338
460 3.143773
470 3.112616
480 3.134469
490 3.085511
500 3.126838
510 3.135331
520 3.143086
530 3.091909
540 3.109621
550 3.115442
560 3.179399
570 3.122586
580 3.154077
590 3.137512
600 3.088186
610 3.175638
620 3.140806
630 3.117168
640 3.112061
650 3.160394
660 3.158808
670 3.149952
680 3.124318
690 3.119208
700 3.105921
710 3.130359
720 3.173732
730 3.155795
740 3.131302
750 3.123268
760 3.116869
770 3.148745
780 3.150809
790 3.114412
800 3.143779
810 3.141168
820 3.154663
830 3.151107
840 3.112086
850 3.140860
860 3.140436
870 3.178809
880 3.140720
890 3.161671
900 3.150843
910 3.132888
920 3.158235
930 3.145145
940 3.171863
950 3.147025
960 3.150364
970 3.134983
980 3.136708
990 3.149498
1000 3.139506
1010 3.139711
1020 3.151987
1030 3.109216
1040 3.111721
1050 3.140517
1060 3.124119
1070 3.107825
1080 3.152015
1090 3.142771
1100 3.104531
1110 3.147650
1120 3.129430
1130 3.135963
1140 3.156055
1150 3.159087
1160 3.158397
1170 3.162819
1180 3.134001
1190 3.142401
1200 3.111367
1210 3.157446
1220 3.119132
1230 3.130202
1240 3.156404
1250 3.144406
1260 3.143083
1270 3.178357
1280 3.139691
1290 3.173393
1300 3.189487
1310 3.148532
1320 3.128734
1330 3.130569
1340 3.180383
1350 3.163742
1360 3.138326
1370 3.114538
1380 3.158647
1390 3.159628
1400 3.131207
1410 3.116082
1420 3.154847
1430 3.124998
1440 3.158342
1450 3.124705
1460 3.127696
1470 3.144440
1480 3.155783
1490 3.135421
1500 3.140409
1510 3.160586
1520 3.166445
1530 3.150367
1540 3.141398
1550 3.125774
1560 3.157754
1570 3.140159
1580 3.142195
1590 3.143618
1600 3.174855
1610 3.141677
1620 3.127759
1630 3.144274
1640 3.154244
1650 3.130860
1660 3.141777
1670 3.144892
1680 3.155288
1690 3.163850
1700 3.112843
1710 3.127891
1720 3.126182
1730 3.139597
1740 3.124900
1750 3.161172
1760 3.123132
1770 3.168681
1780 3.148865
1790 3.157033
1800 3.140928
1810 3.141007
1820 3.145174
1830 3.136979
1840 3.164174
1850 3.138507
1860 3.148556
1870 3.146217
1880 3.152090
1890 3.137074
1900 3.135406
1910 3.152583
1920 3.139347
1930 3.152592
1940 3.158129
1950 3.127159
1960 3.137598
1970 3.125429
1980 3.149723
1990 3.145072
2000 3.150018
2010 3.122117
2020 3.182181
2030 3.168562
2040 3.152380
2050 3.160037
2060 3.168575
2070 3.128886
2080 3.135437
2090 3.132925
2100 3.127538
2110 3.120587
2120 3.120872
2130 3.155282
2140 3.155844
2150 3.167514
2160 3.144431
2170 3.132801
2180 3.121086
2190 3.174170
2200 3.139100
2210 3.145109
2220 3.123209
2230 3.149227
2240 3.154172
2250 3.136112
2260 3.133360
2270 3.133845
2280 3.155583
2290 3.156684
2300 3.132540
2310 3.135438
2320 3.129789
2330 3.150445
2340 3.150563
2350 3.129268
2360 3.130492
2370 3.147753
2380 3.143394
2390 3.121141
2400 3.164086
2410 3.155750
2420 3.114779
2430 3.144894
2440 3.138957
2450 3.128892
2460 3.160962
2470 3.154950
2480 3.141801
2490 3.154542
2500 3.149473
2510 3.141435
2520 3.147002
2530 3.143644
2540 3.138121
2550 3.159695
2560 3.150753
2570 3.152131
2580 3.157336
2590 3.131929
2600 3.146520
2610 3.143054
2620 3.126088
2630 3.122558
2640 3.156898
2650 3.123724
2660 3.126633
2670 3.129281
2680 3.128717
2690 3.158560
2700 3.144726
2710 3.133270
2720 3.163793
2730 3.125654
2740 3.145850
2750 3.151265
2760 3.148596
2770 3.135717
2780 3.145799
2790 3.147257
2800 3.149778
2810 3.148762
2820 3.142445
2830 3.158550
2840 3.132054
2850 3.141225
2860 3.149046
2870 3.139761
2880 3.148718
2890 3.138338
2900 3.134359
2910 3.156816
2920 3.132239
2930 3.158862
2940 3.152210
2950 3.135211
2960 3.136552
2970 3.140090
2980 3.154668
2990 3.136056
3000 3.143502
3010 3.159561
3020 3.136304
3030 3.164600
3040 3.169593
3050 3.137844
3060 3.147792
3070 3.141341
3080 3.131871
3090 3.124289
3100 3.119171
3110 3.134909
3120 3.147785
3130 3.160868
3140 3.130940
3150 3.142337
3160 3.131257
3170 3.136351
3180 3.144636
3190 3.143623
3200 3.139245
3210 3.148251
3220 3.130927
3230 3.143742
3240 3.131481
3250 3.114920
3260 3.159924
3270 3.156544
3280 3.142665
3290 3.152057
3300 3.145511
3310 3.136985
3320 3.150172
3330 3.156710
3340 3.139652
3350 3.145880
3360 3.135914
3370 3.120312
3380 3.145155
3390 3.140299
3400 3.130589
3410 3.125851
3420 3.139734
3430 3.164746
3440 3.142050
3450 3.136307
3460 3.139628
3470 3.145291
3480 3.136575
3490 3.141686
3500 3.148317
3510 3.150132
3520 3.141360
3530 3.137518
3540 3.130753
3550 3.144113
3560 3.143434
3570 3.136170
3580 3.134466
3590 3.132580
3600 3.153303
3610 3.142609
3620 3.137416
3630 3.164394
3640 3.150583
3650 3.144117
3660 3.130406
3670 3.117835
3680 3.147575
3690 3.142215
3700 3.134696
3710 3.125825
3720 3.152643
3730 3.153587
3740 3.140521
3750 3.158620
3760 3.140157
3770 3.145936
3780 3.148282
3790 3.135433
3800 3.143898
3810 3.159251
3820 3.155589
3830 3.143700
3840 3.151218
3850 3.151060
3860 3.135520
3870 3.142094
3880 3.154897
3890 3.146181
3900 3.151682
3910 3.130534
3920 3.151348
3930 3.151293
3940 3.133777
3950 3.151513
3960 3.129515
3970 3.157541
3980 3.150109
3990 3.127338
4000 3.145745
4010 3.145813
4020 3.148939
4030 3.144318
4040 3.149918
4050 3.153046
4060 3.151694
4070 3.144375
4080 3.135736
4090 3.142638
4100 3.124986
4110 3.141656
4120 3.146321
4130 3.164203
4140 3.141728
4150 3.136917
4160 3.144384
4170 3.148638
4180 3.126972
4190 3.147677
4200 3.132875
4210 3.130734
4220 3.140040
4230 3.128109
4240 3.142736
4250 3.147411
4260 3.139913
4270 3.137956
4280 3.136763
4290 3.149964
4300 3.139644
4310 3.122995
4320 3.145907
4330 3.134693
4340 3.137543
4350 3.126946
4360 3.143809
4370 3.130201
4380 3.135824
4390 3.132558
4400 3.144274
4410 3.123151
4420 3.149142
4430 3.133609
4440 3.135830
4450 3.155225
4460 3.151897
4470 3.159188
4480 3.138009
4490 3.137067
4500 3.141263
4510 3.132125
4520 3.143182
4530 3.151921
4540 3.146968
4550 3.142967
4560 3.145737
4570 3.149552
4580 3.120101
4590 3.134364
4600 3.147576
4610 3.138993
4620 3.132692
4630 3.155847
4640 3.137890
4650 3.125734
4660 3.146368
4670 3.139459
4680 3.161297
4690 3.114891
4700 3.147663
4710 3.139576
4720 3.138935
4730 3.133198
4740 3.139947
4750 3.156442
4760 3.137937
4770 3.153766
4780 3.146045
4790 3.166126
4800 3.143984
4810 3.147004
4820 3.143456
4830 3.119332
4840 3.138292
4850 3.133805
4860 3.130517
4870 3.140916
4880 3.137071
4890 3.141329
4900 3.141361
4910 3.149349
4920 3.140983
4930 3.138941
4940 3.131730
4950 3.140889
4960 3.148910
4970 3.134301
4980 3.128355
4990 3.135867
5000 3.145571
5010 3.154957
5020 3.157145
5030 3.141416
5040 3.139411
5050 3.131986
5060 3.135229
5070 3.132978
5080 3.133873
5090 3.152232
5100 3.134028
5110 3.140817
5120 3.130818
5130 3.153004
5140 3.135682
5150 3.131123
5160 3.147676
5170 3.134514
5180 3.155770
5190 3.132542
5200 3.144377
5210 3.143584
5220 3.134292
5230 3.143231
5240 3.144922
5250 3.127292
5260 3.137218
5270 3.153757
5280 3.154094
5290 3.144553
5300 3.149548
5310 3.137914
5320 3.149822
5330 3.123577
5340 3.145413
5350 3.146213
5360 3.137544
5370 3.131824
5380 3.142781
5390 3.147397
5400 3.144847
5410 3.153383
5420 3.144448
5430 3.155525
5440 3.157469
5450 3.129849
5460 3.138874
5470 3.147235
5480 3.152035
5490 3.155721
5500 3.142649
5510 3.140352
5520 3.144200
5530 3.135944
5540 3.154780
5550 3.136605
5560 3.144279
5570 3.151024
5580 3.139074
5590 3.127724
5600 3.139990
5610 3.139748
5620 3.145856
5630 3.137874
5640 3.132946
5650 3.144029
5660 3.147568
5670 3.151102
5680 3.136371
5690 3.145192
5700 3.151358
5710 3.135807
5720 3.133934
5730 3.126943
5740 3.134270
5750 3.146253
5760 3.154120
5770 3.150706
5780 3.131471
5790 3.137637
5800 3.141126
5810 3.147073
5820 3.138798
5830 3.151439
5840 3.135404
5850 3.146006
5860 3.123713
5870 3.134510
5880 3.150331
5890 3.136087
5900 3.147443
5910 3.131681
5920 3.151380
5930 3.137112
5940 3.135495
5950 3.135341
5960 3.138247
5970 3.132907
5980 3.131553
5990 3.146259
6000 3.138277
6010 3.143463
6020 3.145005
6030 3.165101
6040 3.134311
6050 3.133354
6060 3.133214
6070 3.131960
6080 3.126145
6090 3.146273
6100 3.160568
6110 3.142714
6120 3.133646
6130 3.130610
6140 3.158620
6150 3.149720
6160 3.148676
6170 3.147072
6180 3.143007
6190 3.134117
6200 3.135671
6210 3.149724
6220 3.139171
6230 3.134450
6240 3.138463
6250 3.142551
6260 3.153212
6270 3.138755
6280 3.150265
6290 3.140976
6300 3.138374
6310 3.141970
6320 3.133364
6330 3.149494
6340 3.133872
6350 3.152135
6360 3.145207
6370 3.132858
6380 3.127865
6390 3.133943
6400 3.137525
6410 3.132594
6420 3.125028
6430 3.138152
6440 3.149468
6450 3.135759
6460 3.146259
6470 3.164294
6480 3.140466
6490 3.120442
6500 3.140088
6510 3.135034
6520 3.143651
6530 3.150585
6540 3.131557
6550 3.149869
6560 3.152970
6570 3.131647
6580 3.154247
6590 3.147475
6600 3.138839
6610 3.144303
6620 3.130518
6630 3.138932
6640 3.142310
6650 3.153486
6660 3.142220
6670 3.141529
6680 3.137823
6690 3.143191
6700 3.145185
6710 3.143939
6720 3.136539
6730 3.148578
6740 3.150392
6750 3.138690
6760 3.137734
6770 3.134523
6780 3.152863
6790 3.131440
6800 3.144165
6810 3.136639
6820 3.151563
6830 3.151236
6840 3.135281
6850 3.148370
6860 3.141775
6870 3.140437
6880 3.131381
6890 3.140136
6900 3.141935
6910 3.133377
6920 3.141426
6930 3.148426
6940 3.142192
6950 3.142288
6960 3.136606
6970 3.143755
6980 3.156358
6990 3.144444
7000 3.135594
7010 3.140023
7020 3.137906
7030 3.153414
7040 3.146884
7050 3.145257
7060 3.136393
7070 3.142961
7080 3.145501
7090 3.147007
7100 3.144430
7110 3.141942
7120 3.139100
7130 3.125940
7140 3.124393
7150 3.142371
7160 3.125925
7170 3.152449
7180 3.142206
7190 3.152288
7200 3.134950
7210 3.148202
7220 3.132944
7230 3.138334
7240 3.147273
7250 3.147751
7260 3.135795
7270 3.135667
7280 3.139966
7290 3.142871
7300 3.138434
7310 3.143607
7320 3.142622
7330 3.142962
7340 3.139373
7350 3.142425
7360 3.138787
7370 3.139117
7380 3.132809
7390 3.148810
7400 3.138398
7410 3.145831
7420 3.154233
7430 3.135894
7440 3.138767
7450 3.123246
7460 3.131041
7470 3.143832
7480 3.144094
7490 3.142775
7500 3.130575
7510 3.127721
7520 3.138946
7530 3.147595
7540 3.144238
7550 3.139439
7560 3.142834
7570 3.139343
7580 3.141393
7590 3.122715
7600 3.148160
7610 3.134669
7620 3.157125
7630 3.144383
7640 3.150512
7650 3.141902
7660 3.148685
7670 3.140426
7680 3.138944
7690 3.128666
7700 3.141008
7710 3.138303
7720 3.142413
7730 3.142409
7740 3.135691
7750 3.136432
7760 3.132783
7770 3.153192
7780 3.136481
7790 3.149199
7800 3.146458
7810 3.140262
7820 3.137824
7830 3.135939
7840 3.136642
7850 3.143236
7860 3.145161
7870 3.138021
7880 3.149794
7890 3.134206
7900 3.132869
7910 3.127497
7920 3.142525
7930 3.137075
7940 3.138900
7950 3.144341
7960 3.141211
7970 3.135130
7980 3.146001
7990 3.152585
8000 3.140969
8010 3.143039
8020 3.143073
8030 3.136436
8040 3.151679
8050 3.142035
8060 3.148456
8070 3.148253
8080 3.146257
8090 3.138842
8100 3.141797
8110 3.147076
8120 3.147779
8130 3.138257
8140 3.135945
8150 3.131502
8160 3.142577
8170 3.137948
8180 3.148279
8190 3.139624
8200 3.136786
8210 3.157648
8220 3.135338
8230 3.150951
8240 3.136249
8250 3.147416
8260 3.147499
8270 3.136543
8280 3.136349
8290 3.156377
8300 3.138480
8310 3.146068
8320 3.143960
8330 3.135095
8340 3.152297
8350 3.145378
8360 3.143854
8370 3.144659
8380 3.151683
8390 3.134349
8400 3.130744
8410 3.136641
8420 3.145913
8430 3.133930
8440 3.142798
8450 3.131483
8460 3.146502
8470 3.129451
8480 3.140053
8490 3.147687
8500 3.138750
8510 3.136251
8520 3.137227
8530 3.137566
8540 3.132799
8550 3.129208
8560 3.144126
8570 3.134941
8580 3.129669
8590 3.160335
8600 3.144555
8610 3.139649
8620 3.148579
8630 3.135030
8640 3.149558
8650 3.139009
8660 3.138352
8670 3.135344
8680 3.143588
8690 3.143673
8700 3.153117
8710 3.135916
8720 3.141982
8730 3.139621
8740 3.140889
8750 3.132752
8760 3.148404
8770 3.153190
8780 3.144681
8790 3.146651
8800 3.135950
8810 3.139086
8820 3.143587
8830 3.144268
8840 3.134615
8850 3.142583
8860 3.133418
8870 3.135534
8880 3.143966
8890 3.146114
8900 3.146382
8910 3.137626
8920 3.137291
8930 3.143456
8940 3.139320
8950 3.129694
8960 3.143195
8970 3.144311
8980 3.145613
8990 3.141771
9000 3.145627
9010 3.144369
9020 3.147329
9030 3.129360
9040 3.146978
9050 3.142785
9060 3.139023
9070 3.148164
9080 3.139858
9090 3.140769
9100 3.144064
9110 3.141732
9120 3.142308
9130 3.146428
9140 3.140722
9150 3.150101
9160 3.146407
9170 3.146423
9180 3.137191
9190 3.139894
9200 3.133117
9210 3.143730
9220 3.136967
9230 3.139950
9240 3.146746
9250 3.144971
9260 3.137718
9270 3.144520
9280 3.150004
9290 3.142147
9300 3.142251
9310 3.132526
9320 3.144635
9330 3.145437
9340 3.141196
9350 3.141789
9360 3.143227
9370 3.137373
9380 3.143834
9390 3.128446
9400 3.136895
9410 3.136695
9420 3.143282
9430 3.139374
9440 3.131249
9450 3.135493
9460 3.134538
9470 3.143648
9480 3.135552
9490 3.146069
9500 3.139442
9510 3.135278
9520 3.143648
9530 3.146483
9540 3.146366
9550 3.136671
9560 3.146728
9570 3.134661
9580 3.149544
9590 3.148813
9600 3.131511
9610 3.147300
9620 3.148641
9630 3.145777
9640 3.138312
9650 3.143176
9660 3.143522
9670 3.143215
9680 3.141703
9690 3.139136
9700 3.130556
9710 3.137276
9720 3.137778
9730 3.147787
9740 3.139500
9750 3.140487
9760 3.145489
9770 3.133614
9780 3.144537
9790 3.141525
9800 3.136230
9810 3.150706
9820 3.135053
9830 3.135571
9840 3.146446
9850 3.142302
9860 3.135235
9870 3.143136
9880 3.138675
9890 3.147473
9900 3.143108
9910 3.132486
9920 3.139247
9930 3.135569
9940 3.158695
9950 3.144014
9960 3.141683
9970 3.133152
9980 3.146319
9990 3.143593
10000 3.142588
10010 3.137849
10020 3.146137
10030 3.134095
10040 3.146963
10050 3.148221
10060 3.138840
10070 3.136156
10080 3.143763
10090 3.131048
10100 3.153447
10110 3.131814
10120 3.135139
10130 3.140945
10140 3.141491
10150 3.130273
10160 3.135389
10170 3.139469
10180 3.141167
10190 3.136588
10200 3.159547
10210 3.146734
10220 3.141975
10230 3.141689
10240 3.135674
10250 3.138119
10260 3.140438
10270 3.140411
10280 3.133704
10290 3.139387
10300 3.144227
10310 3.145342
10320 3.150612
10330 3.137452
10340 3.140453
10350 3.147764
10360 3.139786
10370 3.147565
10380 3.145612
10390 3.144441
10400 3.137354
10410 3.141261
10420 3.135321
10430 3.141862
10440 3.144016
10450 3.148346
10460 3.132410
10470 3.142137
10480 3.139452
10490 3.153979
10500 3.144540
10510 3.143294
10520 3.135248
10530 3.150082
10540 3.130160
10550 3.152875
10560 3.153092
10570 3.135033
10580 3.149409
10590 3.148091
10600 3.137952
10610 3.141370
10620 3.136618
10630 3.149783
10640 3.142462
10650 3.147026
10660 3.141933
10670 3.132302
10680 3.153111
10690 3.137942
10700 3.141304
10710 3.134319
10720 3.142469
10730 3.146182
10740 3.146395
10750 3.149682
10760 3.143453
10770 3.144984
10780 3.148171
10790 3.132447
10800 3.148882
10810 3.141254
10820 3.131691
10830 3.147104
10840 3.138825
10850 3.143145
10860 3.136614
10870 3.147297
10880 3.135687
10890 3.143074
10900 3.130454
10910 3.139020
10920 3.136982
10930 3.141731
10940 3.140771
10950 3.132500
10960 3.141424
10970 3.137577
10980 3.141145
10990 3.147893
11000 3.145026
11010 3.141111
11020 3.141541
11030 3.147062
11040 3.148402
11050 3.134560
11060 3.150063
11070 3.120360
11080 3.128851
11090 3.149059
11100 3.135078
11110 3.145749
11120 3.144547
11130 3.145547
11140 3.136042
11150 3.145155
11160 3.139574
11170 3.136175
11180 3.138141
11190 3.146862
11200 3.137895
11210 3.128894
11220 3.141214
11230 3.149576
11240 3.138972
11250 3.132742
11260 3.133737
11270 3.148256
11280 3.139753
11290 3.141959
11300 3.142724
11310 3.141116
11320 3.151293
11330 3.143499
11340 3.136850
11350 3.142146
11360 3.141769
11370 3.141112
11380 3.150641
11390 3.135620
11400 3.138773
11410 3.141962
11420 3.135927
11430 3.147909
11440 3.145960
11450 3.139647
11460 3.137415
11470 3.135143
11480 3.142243
11490 3.136705
11500 3.149832
11510 3.144048
11520 3.144685
11530 3.136088
11540 3.135596
11550 3.132020
11560 3.132961
11570 3.142095
11580 3.146673
11590 3.132737
11600 3.145642
11610 3.140370
11620 3.146159
11630 3.139610
11640 3.138986
11650 3.146537
11660 3.142829
11670 3.148693
11680 3.147190
11690 3.140692
11700 3.140652
11710 3.128119
11720 3.146594
11730 3.141384
11740 3.138706
11750 3.147439
11760 3.137101
11770 3.139790
11780 3.141470
11790 3.147466
11800 3.134598
11810 3.138640
11820 3.146577
11830 3.143700
11840 3.136960
11850 3.146182
11860 3.140217
11870 3.133455
11880 3.134116
11890 3.149178
11900 3.139626
11910 3.142576
11920 3.131638
11930 3.146142
11940 3.134908
11950 3.134374
11960 3.139524
11970 3.134636
11980 3.135183
11990 3.140528
12000 3.132276
12010 3.137474
12020 3.142893
12030 3.131658
12040 3.138058
12050 3.130052
12060 3.140478
12070 3.134771
12080 3.138327
12090 3.137778
12100 3.138218
12110 3.150334
12120 3.139254
12130 3.135964
12140 3.141580
12150 3.143003
12160 3.145099
12170 3.137371
12180 3.142172
12190 3.146540
12200 3.144115
12210 3.143464
12220 3.132216
12230 3.151170
12240 3.148454
12250 3.146321
12260 3.137537
12270 3.132924
12280 3.145602
12290 3.141306
12300 3.140537
12310 3.136651
12320 3.146071
12330 3.136634
12340 3.141706
12350 3.140528
12360 3.135214
12370 3.151328
12380 3.145800
12390 3.138657
12400 3.130336
12410 3.136799
12420 3.147863
12430 3.134528
12440 3.139185
12450 3.142092
12460 3.151739
12470 3.137201
12480 3.146030
12490 3.135189
12500 3.146735
12510 3.145690
12520 3.145686
12530 3.139075
12540 3.147314
12550 3.140796
12560 3.136298
12570 3.134864
12580 3.133806
12590 3.137593
12600 3.132499
12610 3.140344
12620 3.141636
12630 3.147024
12640 3.134960
12650 3.144860
12660 3.134366
12670 3.133681
12680 3.152127
12690 3.139440
12700 3.144055
12710 3.133037
12720 3.143598
12730 3.137487
12740 3.143747
12750 3.133148
12760 3.142945
12770 3.142859
12780 3.137959
12790 3.140441
12800 3.142996
12810 3.141585
12820 3.139505
12830 3.148425
12840 3.144517
12850 3.136314
12860 3.141928
12870 3.142180
12880 3.141599
12890 3.129840
12900 3.142022
12910 3.145946
12920 3.128039
12930 3.150768
12940 3.141183
12950 3.143200
12960 3.133865
12970 3.133655
12980 3.136479
12990 3.149956
13000 3.137270
13010 3.141609
13020 3.145622
13030 3.136219
13040 3.146778
13050 3.135426
13060 3.148361
13070 3.132367
13080 3.139559
13090 3.135682
13100 3.139477
13110 3.142419
13120 3.147679
13130 3.142220
13140 3.144787
13150 3.147313
13160 3.140889
13170 3.135840
13180 3.138170
13190 3.158364
13200 3.145281
13210 3.144117
13220 3.142743
13230 3.135495
13240 3.144577
13250 3.152991
13260 3.145210
13270 3.143681
13280 3.137173
13290 3.140176
13300 3.133124
13310 3.146151
13320 3.140803
13330 3.143500
13340 3.136165
13350 3.143614
13360 3.146510
13370 3.136832
13380 3.160100
13390 3.136437
13400 3.140873
13410 3.138832
13420 3.142752
13430 3.134935
13440 3.141099
13450 3.145509
13460 3.139890
13470 3.143701
13480 3.140630
13490 3.144543
13500 3.139270
13510 3.144287
13520 3.144994
13530 3.148801
13540 3.153431
13550 3.142859
13560 3.134557
13570 3.136839
13580 3.141381
13590 3.149105
13600 3.141111
13610 3.138582
13620 3.133475
13630 3.146460
13640 3.133996
13650 3.131806
13660 3.139388
13670 3.144834
13680 3.152805
13690 3.152766
13700 3.151417
13710 3.148599
13720 3.134795
13730 3.140926
13740 3.141559
13750 3.134929
13760 3.148598
13770 3.145243
13780 3.140743
13790 3.138213
13800 3.142579
13810 3.143876
13820 3.143530
13830 3.138354
13840 3.140280
13850 3.131101
13860 3.142471
13870 3.143594
13880 3.127242
13890 3.140542
13900 3.143303
13910 3.141845
13920 3.136646
13930 3.143189
13940 3.140855
13950 3.143610
13960 3.145329
13970 3.130318
13980 3.145495
13990 3.136854
14000 3.135768
14010 3.142172
14020 3.143500
14030 3.141023
14040 3.144186
14050 3.145696
14060 3.131368
14070 3.139693
14080 3.140692
14090 3.147388
14100 3.133518
14110 3.136472
14120 3.134574
14130 3.142751
14140 3.143121
14150 3.145307
14160 3.150389
14170 3.143328
14180 3.142138
14190 3.146223
14200 3.142733
14210 3.133946
14220 3.142365
14230 3.141113
14240 3.142272
14250 3.143261
14260 3.149914
14270 3.144500
14280 3.138654
14290 3.140581
14300 3.144276
14310 3.145510
14320 3.138088
14330 3.136442
14340 3.143409
14350 3.140245
14360 3.150155
14370 3.132749
14380 3.140883
14390 3.141305
14400 3.136629
14410 3.140215
14420 3.141820
14430 3.143836
14440 3.138730
14450 3.147136
14460 3.138981
14470 3.139739
14480 3.130476
14490 3.133440
14500 3.144550
14510 3.145016
14520 3.139694
14530 3.138860
14540 3.135940
14550 3.144859
14560 3.146490
14570 3.143544
14580 3.138466
14590 3.141009
14600 3.146590
14610 3.145085
14620 3.144678
14630 3.136002
14640 3.140413
14650 3.135760
14660 3.145851
14670 3.154143
14680 3.143523
14690 3.142584
14700 3.145477
14710 3.142484
14720 3.138710
14730 3.146771
14740 3.145689
14750 3.137625
14760 3.141036
14770 3.131144
14780 3.137002
14790 3.142435
14800 3.140253
14810 3.140377
14820 3.138965
14830 3.138650
14840 3.144594
14850 3.141276
14860 3.146128
14870 3.133076
14880 3.159310
14890 3.145078
14900 3.148412
14910 3.136228
14920 3.145364
14930 3.133286
14940 3.138158
14950 3.144127
14960 3.147544
14970 3.141894
14980 3.133533
14990 3.136120
15000 3.139193
15010 3.145942
15020 3.140992
15030 3.148280
15040 3.137251
15050 3.139601
15060 3.137672
15070 3.141396
15080 3.136215
15090 3.138824
15100 3.144309
15110 3.151466
15120 3.144475
15130 3.141464
15140 3.143261
15150 3.147569
15160 3.142251
15170 3.146673
15180 3.134513
15190 3.144047
15200 3.138030
15210 3.142492
15220 3.143853
15230 3.139694
15240 3.152792
15250 3.145216
15260 3.134694
15270 3.128625
15280 3.153029
15290 3.143544
15300 3.144142
15310 3.141950
15320 3.140568
15330 3.135002
15340 3.141616
15350 3.136183
15360 3.141019
15370 3.142141
15380 3.141896
15390 3.142254
15400 3.143793
15410 3.141365
15420 3.138470
15430 3.143777
15440 3.143078
15450 3.143716
15460 3.154142
15470 3.143557
15480 3.134647
15490 3.146186
15500 3.133538
15510 3.142314
15520 3.140294
15530 3.136413
15540 3.145848
15550 3.143116
15560 3.143621
15570 3.136815
15580 3.146575
15590 3.145917
15600 3.140814
15610 3.144649
15620 3.142806
15630 3.141929
15640 3.142249
15650 3.136643
15660 3.131441
15670 3.146406
15680 3.142039
15690 3.138764
15700 3.145828
15710 3.134897
15720 3.149396
15730 3.140647
15740 3.138589
15750 3.137109
15760 3.133975
15770 3.141334
15780 3.142643
15790 3.139528
15800 3.144443
15810 3.140962
15820 3.140159
15830 3.135238
15840 3.145069
15850 3.144587
15860 3.155703
15870 3.137165
15880 3.143011
15890 3.141860
15900 3.138482
15910 3.140518
15920 3.145244
15930 3.135926
15940 3.149697
15950 3.137629
15960 3.147410
15970 3.143303
15980 3.140306
15990 3.142605
16000 3.137723
16010 3.140593
16020 3.135967
16030 3.139579
16040 3.146319
16050 3.138072
16060 3.142473
16070 3.142865
16080 3.129508
16090 3.143016
16100 3.137860
16110 3.136944
16120 3.138132
16130 3.132382
16140 3.141651
16150 3.134119
16160 3.138037
16170 3.144218
16180 3.135240
16190 3.143608
16200 3.144889
16210 3.139711
16220 3.148456
16230 3.135363
16240 3.135583
16250 3.141757
16260 3.136216
16270 3.145786
16280 3.142904
16290 3.130940
16300 3.148766
16310 3.137098
16320 3.147113
16330 3.148499
16340 3.135881
16350 3.149099
16360 3.133974
16370 3.138245
16380 3.139492
16390 3.143894
16400 3.138654
16410 3.147872
16420 3.142083
16430 3.143087
16440 3.143847
16450 3.152801
16460 3.140507
16470 3.128531
16480 3.143615
16490 3.138840
16500 3.147859
16510 3.143631
16520 3.139679
16530 3.149660
16540 3.137921
16550 3.141133
16560 3.141072
16570 3.144930
16580 3.141425
16590 3.144816
16600 3.143373
16610 3.148755
16620 3.143536
16630 3.138552
16640 3.145770
16650 3.151876
16660 3.137011
16670 3.146138
16680 3.145501
16690 3.147258
16700 3.133768
16710 3.142872
16720 3.143946
16730 3.143608
16740 3.146588
16750 3.140331
16760 3.144104
16770 3.138289
16780 3.137098
16790 3.148986
16800 3.140922
16810 3.137282
16820 3.142781
16830 3.141109
16840 3.138488
16850 3.144705
16860 3.141938
16870 3.146275
16880 3.141277
16890 3.133132
16900 3.137270
16910 3.138937
16920 3.143466
16930 3.149474
16940 3.138616
16950 3.146538
16960 3.143794
16970 3.142701
16980 3.135525
16990 3.130981
17000 3.134973
17010 3.135260
17020 3.150698
17030 3.136389
17040 3.139950
17050 3.146707
17060 3.147188
17070 3.143963
17080 3.136917
17090 3.142208
17100 3.143017
17110 3.134338
17120 3.135150
17130 3.143880
17140 3.141591
17150 3.144528
17160 3.138092
17170 3.142615
17180 3.132057
17190 3.141717
17200 3.138793
17210 3.144298
17220 3.143907
17230 3.138005
17240 3.137393
17250 3.138557
17260 3.135452
17270 3.144199
17280 3.142793
17290 3.138906
17300 3.138308
17310 3.136915
17320 3.142475
17330 3.145168
17340 3.147114
17350 3.142588
17360 3.141296
17370 3.140837
17380 3.130044
17390 3.146771
17400 3.144109
17410 3.139272
17420 3.146266
17430 3.141117
17440 3.136932
17450 3.141943
17460 3.137941
17470 3.149252
17480 3.139470
17490 3.148845
17500 3.145210
17510 3.145441
17520 3.141857
17530 3.147959
17540 3.125853
17550 3.134025
17560 3.138584
17570 3.143490
17580 3.140920
17590 3.144600
17600 3.138762
17610 3.147210
17620 3.139993
17630 3.142210
17640 3.138107
17650 3.134107
17660 3.138998
17670 3.138909
17680 3.149078
17690 3.145781
17700 3.136117
17710 3.136090
17720 3.135848
17730 3.140627
17740 3.136456
17750 3.142071
17760 3.148800
17770 3.133977
17780 3.143192
17790 3.136137
17800 3.136488
17810 3.136477
17820 3.130010
17830 3.143695
17840 3.141991
17850 3.137675
17860 3.138181
17870 3.142109
17880 3.138544
17890 3.145884
17900 3.147904
17910 3.133439
17920 3.128171
17930 3.144635
17940 3.139547
17950 3.136305
17960 3.148099
17970 3.144544
17980 3.136874
17990 3.135902
18000 3.142221
18010 3.139084
18020 3.144167
18030 3.149487
18040 3.138345
18050 3.146890
18060 3.147412
18070 3.140447
18080 3.139481
18090 3.141504
18100 3.150423
18110 3.136621
18120 3.136279
18130 3.141009
18140 3.147229
18150 3.141723
18160 3.140080
18170 3.135877
18180 3.139900
18190 3.147346
18200 3.145223
18210 3.141486
18220 3.144097
18230 3.149333
18240 3.137813
18250 3.149597
18260 3.143522
18270 3.134539
18280 3.142324
18290 3.139868
18300 3.144441
18310 3.140597
18320 3.147433
18330 3.147604
18340 3.143668
18350 3.140351
18360 3.148711
18370 3.135793
18380 3.141136
18390 3.137225
18400 3.142340
18410 3.140464
18420 3.144651
18430 3.137098
18440 3.141027
18450 3.142181
18460 3.137293
18470 3.142404
18480 3.143023
18490 3.140561
18500 3.145291
18510 3.137712
18520 3.141282
18530 3.135381
18540 3.146486
18550 3.144479
18560 3.144120
18570 3.138102
18580 3.137798
18590 3.143730
18600 3.133145
18610 3.150102
18620 3.134610
18630 3.135818
18640 3.140972
18650 3.139983
18660 3.136405
18670 3.148448
18680 3.137613
18690 3.133333
18700 3.142466
18710 3.145548
18720 3.140281
18730 3.145328
18740 3.139477
18750 3.139941
18760 3.143550
18770 3.133029
18780 3.145171
18790 3.141203
18800 3.147740
18810 3.136713
18820 3.141647
18830 3.148080
18840 3.141380
18850 3.140046
18860 3.140356
18870 3.141278
18880 3.145204
18890 3.142560
18900 3.140892
18910 3.138841
18920 3.135544
18930 3.133300
18940 3.141062
18950 3.143660
18960 3.137361
18970 3.140718
18980 3.141651
18990 3.126372
19000 3.143936
19010 3.144792
19020 3.143410
19030 3.141717
19040 3.138645
19050 3.144242
19060 3.137740
19070 3.133418
19080 3.138663
19090 3.144576
19100 3.132489
19110 3.141701
19120 3.141869
19130 3.146167
19140 3.150116
19150 3.143345
19160 3.132842
19170 3.146333
19180 3.149921
19190 3.144812
19200 3.146798
19210 3.142951
19220 3.146836
19230 3.137420
19240 3.137624
19250 3.152778
19260 3.138898
19270 3.140572
19280 3.139876
19290 3.145825
19300 3.144418
19310 3.149908
19320 3.147515
19330 3.148891
19340 3.137622
19350 3.143415
19360 3.148970
19370 3.137730
19380 3.129645
19390 3.144189
19400 3.146377
19410 3.144130
19420 3.141996
19430 3.144754
19440 3.144207
19450 3.138055
19460 3.135769
19470 3.140545
19480 3.136155
19490 3.135709
19500 3.143052
19510 3.142952
19520 3.144456
19530 3.136427
19540 3.145783
19550 3.138054
19560 3.136413
19570 3.143542
19580 3.143508
19590 3.135029
19600 3.135476
19610 3.138321
19620 3.132531
19630 3.137063
19640 3.145058
19650 3.135239
19660 3.135035
19670 3.144088
19680 3.145282
19690 3.145286
19700 3.146054
19710 3.134968
19720 3.145110
19730 3.134752
19740 3.142565
19750 3.134469
19760 3.134596
19770 3.135891
19780 3.139593
19790 3.140410
19800 3.141243
19810 3.147454
19820 3.138782
19830 3.137038
19840 3.144129
19850 3.138962
19860 3.139394
19870 3.139149
19880 3.143190
19890 3.140898
19900 3.151493
19910 3.143625
19920 3.135398
19930 3.136478
19940 3.139957
19950 3.137439
19960 3.139693
19970 3.134194
19980 3.146124
19990 3.133644
